intrinsic:
840.0273163918491 0.0 678.877978032386 
0.0 839.8857827345233 542.723974776917 
0.0 0.0 1.0 
distortion:
-0.39706866518589096 0.1939605278187886 -0.001230109938911488 0.0006930039119607324 -0.056309202116455605 
