intrinsic:
845.5372166082445 0.0 693.3417010982454 
0.0 845.2040966646501 527.7346298176477 
0.0 0.0 1.0 
distortion:
-0.4040786821271385 0.2084041770761885 -0.0012974296927297897 -0.0006539755212112925 -0.06637266217427627 
